Ne
20 19.99 90.48
21 20.99 0.27
22 21.99 9.25

Na
23 22.99 100

Mg
24 23.99 78.99
25 24.99 10
26 25.98 11.01

Al
27 26.98 100

Si
28 27.98 92.23
29 28.98 4.67
30 29.97 3.1

P
31 30.97 100

S
32 31.97 95.02
33 32.97 0.75
34 33.97 4.21
36 35.97 0.02

Cl
35 34.97 75.77
37 36.97 24.23

Ar
36 36.97 0.34
38 37.96 0.06
40 39.96 99.60

K
39 38.96 93.258
40 39.96 0.0117
41 40.96 6.73

Ca
40 39.96 96.941
42 41.96 0.647
43 42.96 0.135
44 43.96 2.086
46 45.95 0.004

Sc
45 44.96 100

Ti
46 45.95 8.25
47 46.95 7.44
48 47.95 73.72
49 48.95 5.41
50 49.95 5.18

V
50 49.95 0.25
51 50.94 99.75

Cr
50 49.95 4.345
52 51.94 83.789
53 52.94 9.501
54 53.94 2.365

Mn
55 54.94 100

Fe
54 53.94 5.845
56 55.94 91.754
57 56.94 2.119
58 57.93 0.282

Co
59 58.93 100

Ni
58 57.94 68.077
60 59.93 26.223
61 60.93 1.14
62 61.93 3.634
64 63.93 0.926

Cu
63 62.93 69.17
65 64.93 30.83

Zn
64 63.93 48.6
66 65.93 27.9
67 66.93 4.1
68 67.93 18.8
70 69.93 0.6

Ga
69 68.93 60.108
71 70.93 39.892

Ge
70 69.92 21.23
72 71.92 27.66
73 72.92 7.73
74 73.92 35.94
76 75.92 7.44

As
75 74.92 100

Se
74 73.92 0.89
76 75.92 9.36
77 76.92 7.63
78 77.92 23.78
80 79.92 49.61
82 81.92 8.73

Br
79 78.92 50.69
81 80.92 49.31

Kr
79 78.92 0.35
80 79.92 2.25
82 81.91 11.6
83 82.91 11.5
84 83.91 57
86 85.91 17.3

Rb
85 84.91 72.165
87 86.91 27.835

Sr
84 83.91 0.56
86 85.91 9.86
87 86.91 7.02
88 87.91 82.58

Y
89 88.91 100

Zr
90 89.91 51.45
91 90.91 11.22
92 91.91 17.15
94 93.91 17.38
96 95.91 2.8

Nb
93 92.91 100

Mo
92 91.91 14.84
94 93.91 9.25
95 94.91 15.92
96 95.91 16.68
97 96.91 9.55
98 97.91 24.13
100 99.91 9.63

Ru
96 95.91 5.52
98 97.91 1.88
99 98.91 12.7
100 99.90 12.6
101 100.91 17
102 101.90 31.6
104 103.91 18.7

Rh
103 102.91 100

Pd
102 101.91 1.02
104 103.90 11.14
105 104.91 22.33
106 105.90 27.33
108 107.90 26.46
110 109.91 11.72

Ag
107 106.91 51.839
109 108.91 48.161

Cd
106 105.91 1.25
108 107.90 0.89
110 109.90 12.49
111 110.90 12.8
112 111.90 24.13
113 112.90 12.22
114 113.90 28.73
116 115.90 7.49

In
113 112.90 4.29
115 114.90 95.71

Sn
112 111.90 0.97
114 113.90 0.65
115 114.90 0.34
116 115.90 14.54
117 116.90 7.68
118 117.90 24.22
119 118.90 8.58
120 119.90 32.59
122 121.90 4.63
124 123.91 5.79

Sb
121 120.90 57.21
123 122.90 42.79

Te
120 119.90 0.096
122 121.90 2.603
123 122.90 0.908
124 123.90 4.816
125 124.90 7.139
126 125.90 18.952
128 127.90 31.687
130 129.91 33.799

I
127 126.90 100

Xe
124 123.91 0.1
126 125.90 0.09
128 127.90 1.91
129 128.90 26.4
130 129.90 4.1
131 130.91 21.2
132 131.90 26.9
134 133.91 10.4
136 135.91 8.9

Cs
133 132.91 100

Ba
130 129.91 0.106
132 131.91 0.101
134 133.90 2.417
135 134.90 6.592
136 135.90 7.854
137 136.91 11.23
138 137.91 71.7

Ce
136 135.91 0.19
138 137.91 0.25
140 139.91 88.48
142 141.91 11.08

Pr
141 140.91 100

Nd
142 141.91 27.13
143 142.91 12.18
144 143.91 23.8
145 144.91 8.3
146 145.91 17.19
148 147.92 5.76
150 149.92 5.64

Hf
174 173.94 0.162
176 175.94 5.206
177 176.94 18.606
178 177.94 27.297
179 178.95 13.629
180 179.95 35.1

Ta
180 179.95 0.012
181 180.95 99.988

W
180 179.95 0.12
182 181.95 26.498
183 182.95 14.314
184 183.95 30.642
186 185.95 28.426

Re
185 184.95 37.4
187 186.96 62.6

Os
184 183.95 0.02
186 185.95 1.58
187 186.96 1.6
188 187.96 13.3
189 188.96 16.1
190 189.96 26.4
192 191.96 41

Ir
191 190.96 37.3
193 192.96 63.7

Pt
190 189.96 0.01
192 191.96 0.79
194 193.96 32.9
195 194.96 33.8
196 195.96 25.3
198 197.97 7.2

Au
197 196.97 100

Hg
196 195.97 0.15
198 197.97 9.97
199 198.97 16.87
200 199.97 23.1
201 200.97 13.18
202 201.97 29.86
204 203.97 6.87

Pb
204 203.97 1.4
206 205.97 24.1
207 206.98 22.1
208 207.98 52.4

Bi
209 208.98 100

Th
232 232.04 100

U
234 234.04 5.50E-03
235 235.04 0.72
238 238.05 99.27
